jacob@ithaca:~/shared-memory-sgd$ ./cmake-build-debug/mininn -a ELASYNC -n 50 -A LENET -D 'CIFAR10' -e 100 -b 16 -l 0.005 -t NONE
Initial probing
Trying with m=24...loss = 2.30325
Trying with m=25...loss = 2.30307
Trying with m=26...loss = 2.30319
Execution phase, m = 25
Probing phase
Execution phase, m = 25
Probing phase
Execution phase, m = 26
Probing phase
Execution phase, m = 26
Probing phase
Execution phase, m = 27
Probing phase
Execution phase, m = 26
Probing phase
Execution phase, m = 24
Probing phase
Execution phase, m = 24
Probing phase
Execution phase, m = 22
Probing phase
Execution phase, m = 20
Probing phase
Execution phase, m = 18
Probing phase
Execution phase, m = 16
Probing phase
Training finished.
Returning
Back to main
{"epoch_loss": [ 2.30271, 2.30272, 2.30272, 2.30271, 2.30271, 2.30271, 2.3027, 2.3027, 2.30268, 2.30265, 2.30255, 2.30205, 2.27969, 2.13553, 2.06975, 1.99153, 1.92188, 1.83933, 1.78467, 1.75582, 1.71334, 1.67071, 1.63359, 1.5999, 1.56789, 1.53317, 1.50069, 1.48132, 1.46357, 1.45298, 1.42292, 1.39378, 1.3782, 1.35747, 1.33907, 1.33096, 1.28768, 1.28961, 1.29367, 1.25675, 1.25259, 1.23344, 1.21322, 1.20042, 1.18563, 1.17747, 1.13409, 1.14205, 1.14886, 1.10236, 1.09683, 1.08271, 1.07092, 1.05282, 1.04818, 1.02089, 0.999475, 1.02314, 1.00858, 0.955742, 0.969869, 0.951619, 0.93837, 0.934475, 0.91611, 0.880231, 0.918094, 0.913544, 0.876531, 0.882149, 0.876172, 0.863682, 0.863413, 0.834428, 0.82204, 0.847309, 0.812918, 0.779585, 0.780918, 0.783413, 0.785885, 0.780434, 0.725461, 0.785531, 0.750018, 0.696938, 0.71368, 0.714605, 0.705093, 0.691474, 0.699865, 0.710953, 0.628279, 0.638649, 0.650101, 0.655221, 0.625884, 0.642984, 0.62336, 0.575804 ], "epoch_time": [ 3, 6, 8, 10, 13, 15, 17, 19, 22, 24, 27, 29, 31, 34, 36, 38, 40, 43, 46, 48, 50, 52, 55, 57, 59, 61, 64, 66, 69, 71, 73, 75, 78, 80, 82, 84, 88, 90, 93, 95, 97, 99, 101, 103, 105, 107, 110, 112, 114, 117, 119, 121, 123, 125, 127, 130, 132, 135, 137, 139, 141, 144, 146, 148, 151, 154, 156, 158, 161, 163, 165, 168, 170, 173, 175, 178, 180, 183, 185, 188, 190, 193, 196, 199, 201, 204, 207, 210, 212, 215, 218, 221, 224, 227, 230, 233, 237, 240, 244, 247 ], "staleness_dist": [ 301, 219, 220, 226, 264, 249, 216, 273, 263, 281, 305, 327, 404, 751, 2220, 5847, 6425, 13150, 9240, 16320, 13319, 24618, 31264, 54952, 56399, 47153, 18575, 4530, 1411, 394, 238, 182, 167, 158, 144, 140, 158, 181, 152, 156, 145, 135, 75, 71, 66, 53, 41, 39, 23, 22, 9, 9, 14, 2, 3, 0, 0, 0, 0, 0, 1, 0, 0, 0, 0, 0, 0, 0, 0, 0, 0, 0, 0, 0, 0, 0, 0, 0, 0, 0, 0, 0, 0, 0, 0, 0, 0, 0, 0, 0, 0, 0, 0, 0, 0, 0, 0, 0, 0, 0, 0, 0, 0, 0, 0, 0, 0, 0, 0, 0, 0, 0, 0, 0, 0, 0, 0, 0, 0, 0, 0, 0, 0, 0, 0, 0, 0, 0, 0, 0, 0, 0, 0, 0, 0, 0, 0, 0, 0, 0, 0, 0, 0, 0, 0, 0, 0, 0, 0, 0, 0, 0, 0, 0, 0, 0, 0, 0, 0, 0, 0, 0, 0, 0, 0, 0, 0, 0, 0, 0, 0, 0, 0, 0, 0, 0, 0, 0, 0, 0, 0, 0, 0, 0, 0, 0, 0, 0, 0, 0, 0, 0, 0, 0, 0, 0, 0, 0, 0, 0 ], "numtriesdist": [  ], "numfailedcas": 0}

jacob@ithaca:~/shared-memory-sgd$ ./cmake-build-debug/mininn -a ASYNC -n 50 -A LENET -D 'CIFAR10' -e 100 -b 16 -l 0.005 -t NONE
{"epoch_loss": [ 2.30272, 2.30272, 2.30272, 2.30271, 2.30272, 2.30271, 2.3027, 2.3027, 2.30268, 2.30265, 2.30256, 2.30208, 2.28476, 2.15736, 2.09126, 2.03088, 1.99428, 1.94021, 1.88542, 1.8296, 1.79399, 1.75336, 1.71179, 1.68914, 1.6598, 1.62853, 1.59778, 1.5797, 1.55224, 1.53658, 1.52738, 1.49461, 1.47446, 1.45351, 1.44719, 1.41447, 1.41283, 1.38763, 1.37457, 1.35151, 1.33156, 1.32796, 1.31317, 1.29036, 1.28554, 1.24943, 1.26451, 1.22943, 1.20523, 1.20001, 1.19945, 1.18431, 1.17337, 1.16432, 1.16475, 1.14943, 1.12736, 1.10787, 1.11283, 1.12015, 1.07046, 1.07276, 1.07211, 1.05246, 1.04619, 1.06241, 1.0347, 1.02171, 1.01807, 1.02421, 1.00315, 1.00311, 0.990863, 0.97005, 0.984056, 0.975202, 0.958489, 0.925538, 0.939564, 0.96155, 0.963537, 0.909185, 0.915113, 0.928604, 0.912568, 0.926407, 0.883759, 0.887584, 0.895369, 0.867166, 0.886765, 0.865515, 0.869375, 0.880104, 0.851858, 0.838247, 0.834913, 0.822236, 0.847112, 0.812584 ], "epoch_time": [ 2, 4, 5, 7, 9, 10, 12, 13, 15, 16, 18, 19, 21, 23, 24, 26, 27, 29, 31, 32, 34, 35, 37, 39, 40, 42, 43, 45, 47, 48, 50, 51, 53, 55, 56, 58, 59, 61, 63, 64, 66, 67, 69, 71, 72, 74, 75, 77, 79, 80, 82, 83, 85, 86, 88, 90, 91, 93, 94, 96, 98, 99, 101, 102, 104, 106, 107, 109, 110, 112, 114, 115, 117, 118, 120, 122, 123, 125, 126, 128, 130, 131, 133, 134, 136, 138, 139, 141, 142, 144, 146, 147, 149, 151, 152, 154, 155, 157, 159, 160 ], "staleness_dist": [ 1, 1, 1, 1, 1, 1, 1, 1, 1, 1, 1, 1, 1, 1, 1, 1, 1, 1, 1, 1, 1, 3, 2, 3, 4, 7, 13, 42, 104, 353, 878, 2047, 4502, 8363, 13799, 20171, 25048, 27052, 24682, 20230, 13705, 7738, 3692, 1549, 598, 282, 148, 107, 68, 66, 82, 84, 140, 215, 440, 878, 1753, 3643, 6610, 11098, 16356, 20440, 21849, 20085, 15330, 9669, 5047, 2217, 762, 270, 83, 45, 27, 18, 12, 9, 9, 12, 3, 9, 7, 4, 4, 4, 1, 1, 0, 0, 1, 0, 0, 0, 1, 0, 1, 0, 1, 0, 0, 0, 0, 0, 0, 0, 0, 0, 0, 0, 0, 0, 0, 1, 0, 0, 0, 0, 0, 0, 0, 0, 0, 0, 1, 0, 0, 0, 0, 0, 0, 0, 0, 0, 0, 0, 0, 0, 0, 0, 0, 0, 0, 0, 0, 0, 1, 0, 0, 0, 0, 0, 0, 0, 0, 0, 0, 0, 0, 0, 0, 0, 0, 0, 0, 0, 0, 0, 0, 0, 0, 0, 0, 0, 0, 0, 0, 0, 0, 0, 0, 0, 0, 0, 0, 0, 0, 0, 0, 0, 0, 0, 0, 0, 0, 0, 0, 0, 0, 0, 0, 0 ], "numtriesdist": [  ], "numfailedcas": 0}
jacob@ithaca:~/shared-memory-sgd$ 
